1 0.7691666666666667 0.45666666666666667 0.29833333333333334 0.2733333333333333
1 0.1125 0.5466666666666666 0.225 0.26
1 0.23416666666666666 0.19916666666666666 0.31166666666666665 0.325
1 0.4816666666666667 0.15166666666666667 0.19333333333333333 0.22
1 0.7641666666666667 0.125 0.275 0.24
1 0.8375 0.8141666666666667 0.2916666666666667 0.3416666666666667
1 0.46416666666666667 0.6158333333333333 0.4216666666666667 0.4483333333333333
1 0.23 0.8358333333333333 0.46 0.315
1 0.55 0.885 0.17666666666666667 0.16
1 0.9266666666666666 0.3625 0.11333333333333333 0.24833333333333332
