1 0.16328125 0.24140625 0.1109375 0.11796875
1 0.2046875 0.16796875 0.071875 0.0796875
1 0.2015625 0.38671875 0.0578125 0.08671875
1 0.22734375 0.446875 0.03828125 0.06953125
1 0.265625 0.19140625 0.0265625 0.04296875
1 0.26953125 0.16796875 0.0171875 0.03359375
1 0.28359375 0.17421875 0.0140625 0.04296875
1 0.2984375 0.23046875 0.021875 0.09140625
1 0.3078125 0.16484375 0.01953125 0.0453125
1 0.34140625 0.178125 0.021875 0.0484375
1 0.35703125 0.18515625 0.0171875 0.07421875
1 0.38203125 0.2234375 0.0265625 0.10078125
1 0.4171875 0.359375 0.03828125 0.07421875
1 0.5453125 0.40625 0.27890625 0.18515625
1 0.51953125 0.21484375 0.021875 0.103125
1 0.78984375 0.37734375 0.03125 0.1421875
1 0.8375 0.68046875 0.1078125 0.18515625
1 0.82421875 0.3734375 0.0484375 0.0984375
1 0.91953125 0.2609375 0.021875 0.07421875
