0 0.811295 0.394235 0.06970999999999994 0.23076999999999998
0 0.817305 0.75601 0.09134999999999993 0.30528
0 0.651445 0.394235 0.06731000000000009 0.23076999999999998
0 0.264425 0.121395 0.05289000000000002 0.15625
0 0.17428 0.76683 0.08893999999999999 0.28845999999999994
0 0.49639500000000003 0.39903999999999995 0.06971 0.22115999999999997
0 0.171875 0.40505 0.06971 0.20913999999999994
0 0.33172999999999997 0.402645 0.06729999999999997 0.21394999999999997
0 0.5661050000000001 0.115385 0.05528999999999995 0.17307
0 0.719955 0.114185 0.05529000000000006 0.17067
0 0.653845 0.75601 0.09135000000000004 0.30528
0 0.496395 0.760815 0.08894999999999997 0.29567
0 0.33533999999999997 0.76683 0.08893999999999996 0.28845999999999994
0 0.415865 0.11658500000000001 0.05288999999999999 0.16587000000000002
