0 0.4988 0.4988 0.9976 0.9976
0 0.30769 0.5060100000000001 0.07212000000000002 0.9399000000000001
0 0.96394 0.35216000000000003 0.05288000000000004 0.63702
0 0.591345 0.38942000000000004 0.05769000000000002 0.7115400000000001
0 0.403845 0.39062500000000006 0.05769000000000002 0.7139500000000001
0 0.8677900000000001 0.5 0.07212000000000007 0.9375
0 0.774035 0.385815 0.05769000000000002 0.70913
0 0.685095 0.5 0.07211000000000001 0.9375
0 0.4988 0.502405 0.07451999999999998 0.94231
0 0.215145 0.352165 0.055290000000000006 0.64183
0 0.11659 0.23798 0.05048000000000001 0.41346
