1 0.48778103616813295 0.6147426981919333 0.28347996089931576 0.47844228094575797
1 0.8176930596285436 0.6835883171070932 0.3020527859237537 0.5744089012517385
1 0.3367546432062561 0.4972183588317107 0.1710654936461388 0.3796940194714882
1 0.10263929618768329 0.7273991655076495 0.2013685239491691 0.4200278164116829
1 0.7052785923753666 0.4082058414464534 0.1436950146627566 0.26842837273991654
1 0.9042033235581622 0.3623087621696801 0.1466275659824047 0.1933240611961057
1 0.6026392961876833 0.3066759388038943 0.08308895405669599 0.14603616133518776
1 0.9095796676441837 0.2239221140472879 0.05180840664711633 0.061196105702364396
1 0.13587487781036167 0.42559109874826145 0.1603128054740958 0.2336578581363004
1 0.20234604105571846 0.4728789986091794 0.12903225806451613 0.2614742698191933
1 0.4237536656891496 0.303894297635605 0.2179863147605083 0.14325452016689846
1 0.21896383186705767 0.2705146036161335 0.1739980449657869 0.08484005563282336
