0 0.85817 0.18149 0.25 0.27644
0 0.77644 0.514425 0.28845999999999994 0.31731000000000004
0 0.46514500000000003 0.50962 0.29087 0.31249999999999994
0 0.8149 0.853365 0.22596000000000005 0.28847
0 0.09495 0.83774 0.1899 0.27644
0 0.5685100000000001 0.16346 0.20914 0.25
0 0.15745 0.502405 0.29086 0.30769
0 0.4988 0.4988 0.9976 0.9976
0 0.572115 0.84856 0.22597000000000006 0.28845999999999994
0 0.32332 0.840145 0.22355999999999998 0.27163000000000004
0 0.34735499999999997 0.159855 0.20912999999999998 0.24759
0 0.1262 0.15505 0.20914 0.2476
