1 0.2140625 0.82109375 0.05546875 0.23046875
1 0.00390625 0.70703125 0.00703125 0.03359375
1 0.0109375 0.95703125 0.021875 0.084375
1 0.01328125 0.8234375 0.02421875 0.178125
1 0.10078125 0.9 0.06484375 0.19921875
1 0.09765625 0.76328125 0.04296875 0.1609375
1 0.13203125 0.72578125 0.021875 0.115625
1 0.19609375 0.75625 0.03828125 0.18984375
1 0.1890625 0.64453125 0.0171875 0.0484375
1 0.19921875 0.6390625 0.03359375 0.07421875
1 0.26328125 0.68046875 0.0265625 0.1109375
1 0.3140625 0.8296875 0.0265625 0.10546875
1 0.3140625 0.5875 0.01953125 0.01953125
1 0.34140625 0.71484375 0.03828125 0.1515625
1 0.3796875 0.8890625 0.06484375 0.22109375
1 0.3578125 0.6140625 0.021875 0.0671875
1 0.4125 0.79296875 0.053125 0.22109375
1 0.4125 0.62890625 0.02421875 0.09609375
1 0.43515625 0.66796875 0.0265625 0.1203125
1 0.4359375 0.7390625 0.02890625 0.146875
1 0.4640625 0.60234375 0.0171875 0.0625
1 0.478125 0.72578125 0.03828125 0.15859375
1 0.4890625 0.571875 0.0140625 0.0765625
1 0.50234375 0.57421875 0.0171875 0.0671875
1 0.521875 0.578125 0.0171875 0.08203125
1 0.55859375 0.58515625 0.03359375 0.0671875
1 0.55546875 0.55078125 0.0171875 0.053125
1 0.58671875 0.56953125 0.01171875 0.07421875
