0 0.38341499999999995 0.09495500000000001 0.27163 0.10817000000000002
0 0.807695 0.39903500000000003 0.35577000000000003 0.10576999999999998
0 0.46154 0.947115 0.28846000000000005 0.10097
0 0.814905 0.87981 0.36539 0.11058000000000001
0 0.219955 0.2512 0.32933 0.08413999999999996
0 0.266825 0.66827 0.27885 0.09133999999999998
0 0.765625 0.20192500000000002 0.4254899999999999 0.11539000000000002
0 0.25721 0.817305 0.32692 0.09134999999999993
0 0.805285 0.573315 0.35577000000000003 0.09375
0 0.23918499999999998 0.39303 0.29567 0.09855999999999998
