1 0.0453125 0.55625 0.090625 0.53125
1 0.0453125 0.67265625 0.090625 0.4234375
1 0.2078125 0.57578125 0.26953125 0.64921875
1 0.1859375 0.6625 0.1875 0.43515625
1 0.334375 0.5875 0.146875 0.61328125
1 0.3234375 0.61171875 0.1203125 0.5265625
1 0.43515625 0.61796875 0.0765625 0.509375
1 0.5140625 0.578125 0.19453125 0.6296875
1 0.571875 0.68046875 0.09140625 0.37265625
1 0.65390625 0.5625 0.22578125 0.6609375
1 0.71171875 0.64765625 0.07421875 0.41328125
1 0.80078125 0.59140625 0.18984375 0.5796875
1 0.8734375 0.5734375 0.13671875 0.603125
1 0.953125 0.59765625 0.0890625 0.540625
