1 0.43828125 0.49375 0.16015625 0.48984375
1 0.1640625 0.5375 0.12421875 0.240625
1 0.1171875 0.41171875 0.06171875 0.20390625
1 0.9296875 0.5484375 0.0921875 0.13515625
1 0.83984375 0.459375 0.06796875 0.1984375
1 0.88984375 0.44140625 0.028125 0.15625
1 0.69765625 0.51953125 0.1640625 0.5828125
1 0.03203125 0.39921875 0.06015625 0.1625
1 0.21875 0.5078125 0.121875 0.1921875
1 0.25703125 0.40546875 0.0703125 0.15625
1 0.19765625 0.37421875 0.06015625 0.1171875
1 0.15703125 0.37421875 0.0421875 0.10546875
1 0.07109375 0.415625 0.04609375 0.20703125
1 0.49765625 0.3734375 0.9953125 0.628125
