1 0.44140625 0.42578125 0.08203125 0.23046875
1 0.47265625 0.4265625 0.084375 0.2359375
1 0.50625 0.4265625 0.09609375 0.259375
1 0.5359375 0.4984375 0.0625 0.26953125
1 0.5765625 0.37109375 0.0484375 0.134375
1 0.60546875 0.4390625 0.0484375 0.115625
1 0.6109375 0.35703125 0.03828125 0.08203125
1 0.62890625 0.34375 0.01953125 0.0796875
1 0.640625 0.44609375 0.0265625 0.09140625
1 0.66953125 0.3421875 0.0453125 0.0765625
1 0.6703125 0.43359375 0.03828125 0.1203125
1 0.7015625 0.44453125 0.0484375 0.11796875
1 0.709375 0.3546875 0.03125 0.0671875
1 0.74296875 0.4265625 0.04296875 0.13203125
1 0.7359375 0.33984375 0.01953125 0.0625
1 0.775 0.384375 0.04296875 0.0671875
1 0.78125 0.44140625 0.03125 0.103125
1 0.7828125 0.34375 0.021875 0.05546875
1 0.81875 0.37890625 0.02890625 0.06484375
1 0.8234375 0.4375 0.0359375 0.09609375
1 0.85546875 0.41015625 0.04296875 0.1609375
1 0.87890625 0.415625 0.03359375 0.1390625
1 0.91796875 0.42890625 0.04296875 0.103125
1 0.96171875 0.42421875 0.0453125 0.1078125
