1 0.83203125 0.5359375 0.05625 0.0953125
1 0.78125 0.5359375 0.05 0.08984375
1 0.65390625 0.5140625 0.05234375 0.115625
1 0.49296875 0.459375 0.04609375 0.115625
1 0.68125 0.5203125 0.021875 0.0984375
1 0.60703125 0.50859375 0.034375 0.08671875
1 0.56875 0.48828125 0.05390625 0.115625
1 0.71328125 0.52421875 0.05 0.10078125
1 0.45390625 0.44921875 0.03203125 0.0953125
1 0.52890625 0.478125 0.0296875 0.0953125
1 0.7390625 0.52890625 0.034375 0.0984375
1 0.4140625 0.2890625 0.06015625 0.190625
1 0.32421875 0.31328125 0.05625 0.10078125
1 0.80703125 0.465625 0.08984375 0.1390625
