0 0.3738 0.8353349999999999 0.71394 0.3100900000000001
0 0.17067500000000002 0.44230500000000006 0.26923 0.15865
0 0.467545 0.173075 0.64183 0.34135
0 0.21034 0.85216 0.38702 0.27644
0 0.296875 0.11778999999999999 0.30049000000000003 0.22596
0 0.58053 0.203125 0.41586000000000006 0.28125
0 0.490385 0.51923 0.9086500000000001 0.31249999999999994
0 0.41345999999999994 0.5697099999999999 0.39903999999999995 0.21153999999999995
0 0.5372600000000001 0.828125 0.38702000000000003 0.2956700000000001
0 0.69712 0.552885 0.49999999999999994 0.22596999999999995
