0 0.5384599999999999 0.5096149999999999 0.9086599999999999 0.89423
0 0.75 0.15985500000000002 0.41345999999999994 0.16105000000000003
0 0.78245 0.6887049999999999 0.41106 0.17067
0 0.76442 0.33774000000000004 0.41345999999999994 0.17068
0 0.31731 0.328125 0.46154 0.18508999999999998
0 0.78005 0.872595 0.31489999999999996 0.16826999999999992
0 0.31489999999999996 0.503605 0.43749999999999994 0.18029
0 0.30048 0.15023999999999998 0.43270000000000003 0.17548
0 0.77284 0.514425 0.41106 0.16826999999999998
0 0.32331999999999994 0.6814899999999999 0.43509999999999993 0.17068000000000005
